ㅏ=[[1,0],[1,0],[0,1]]
ㅑ=[[0,1],[0,1],[1,0]]
ㅓ=[[0,1],[1,0],[1,0]]
ㅕ=[[1,0],[0,1],[0,1]]
ㅗ=[[1,0],[0,0],[1,1]]
ㅛ=[[0,1],[0,0],[1,1]]
ㅜ=[[1,1],[0,0],[1,0]]
ㅠ=[[1,1],[0,0],[0,1]]
ㅡ=[[0,1],[1,0],[0,1]]
ㅣ=[[1,0],[0,1],[1,0]]
ㅐ=[[1,0],[1,1],[1,0]]
ㅔ=[[1,1],[0,1],[1,0]]
ㅚ=[[1,1],[0,1],[1,1]]
ㅘ=[[1,0],[1,0],[1,1]]
ㅝ=[[1,1],[1,0],[1,0]]
ㅢ=[[0,1],[1,1],[0,1]]
ㅖ=[[0,1],[0,0],[1,0]]
ㅟ=[[1,1],[0,0],[0,1]], [[1,0],[1,1],[1,0]]
ㅒ=[[0,1],[0,1],[1,0]], [[1,0],[1,1],[1,0]]
ㅙ=[[1,0],[1,0],[1,1]], [[1,0],[1,1],[1,0]]
ㅞ=[[1,1],[1,0],[1,0]], [[1,0],[1,1],[1,0]]