가=[[1,1],[1,0],[0,1]]
나=[[1,1],[0,0],[0,0]]
다=[[0,1],[1,0],[0,0]]
라=[[0,0],[0,1],[0,1]]
마=[[1,0],[0,1],[0,0]]
바=[[0,1],[0,1],[0,0]]
사=[[1,0],[1,0],[1,0]]
자=[[0,1],[0,0],[0,1]]
카=[[1,1],[1,0],[0,0]]
타=[[0,1],[1,1],[0,0]]
파=[[1,1],[0,1],[0,0]]
하=[[0,1],[1,1],[0,0]]
억=[[1,1],[0,1],[0,1]]
언=[[0,1],[1,1],[1,1]]
얼=[[0,1],[1,1],[1,0]]
연=[[1,0],[0,0],[0,1]]
열=[[1,0],[1,1],[0,1]]
영=[[1,1],[1,1],[0,1]]
옥=[[1,1],[0,0],[1,1]]
온=[[1,0],[1,1],[1,1]]
옹=[[1,1],[1,1],[1,1]]
운=[[1,1],[1,1],[0,0]]
울=[[1,1],[1,0],[1,1]]
은=[[1,0],[0,1],[1,1]]
을=[[0,1],[1,0],[1,1]]
인=[[1,1],[1,1],[1,0]]
것=[[0,1],[0,1],[0,1]], [[0,1],[1,0],[1,0]]
ㅆ=[[0,1],[0,0],[1,0]]